10943
10950.6
10958.2
10965.9
10973.5
10981.2
10988.8
10996.5
11004.2
11011.9
11019.6
11027.4
11035.1
11042.9
11050.7
11058.5
11066.3
11074.1
11081.9
11089.7
11097.6
11105.5
11113.4
11121.3
11129.2
11137.1
11145
11153
11160.9
11168.9
11176.9
11184.9
11193
11201
11209
11217.1
11225.2
11233.3
11241.4
11249.5
11257.7
11265.8
11274
11282.2
11290.4
11298.6
11306.8
11315
11323.3
11331.6
11339.9
11348.2
11356.5
11364.8
11373.2
11381.5
11389.9
11398.3
11406.7
11415.1
11423.6
11432
11440.5
11449
11457.5
11466
11474.5
11483.1
11491.7
11500.3
11508.9
11517.5
11526.1
11534.8
11543.4
11552.1
11560.8
11569.5
11578.3
11587
11595.8
11604.6
11613.4
11622.2
11631
11639.9
11648.7
11657.6
11666.5
11675.5
11684.4
11693.4
11702.3
11711.3
11720.3
11729.4
11738.4
11747.5
11756.6
11765.7
11774.8
11783.9
11793.1
11802.3
11811.4
11820.7
11829.9
11839.1
11848.4
11857.7
11867
11876.3
11885.7
11895
11904.4
11913.8
11923.3
11932.7
11942.2
11951.6
11961.1
11970.7
11980.2
11989.8
11999.4
12009
12018.6
12028.2
12037.9
12047.6
12057.3
12067
12076.8
12086.5
12096.3
12106.1
12116
12125.8
12135.7
12145.6
12155.5
12165.4
12175.4
12185.4
12195.4
12205.4
12215.5
12225.5
12235.6
12245.7
12255.9
12266
12276.2
12286.4
12296.7
12306.9
12317.2
12327.5
12337.8
12348.2
12358.5
12368.9
12379.4
12389.8
12400.3
12410.8
12421.3
12431.8
12442.4
12453
12463.6
12474.2
12484.9
12495.6
12506.3
12517
12527.8
12538.6
12549.4
12560.2
12571.1
12582
12592.9
12603.9
12614.9
12625.9
12636.9
12647.9
12659
12670.1
12681.3
12692.4
12703.6
12714.8
12726.1
12737.3
12748.6
12760
12771.3
12782.7
12794.1
12805.6
12817.1
12828.6
12840.1
12851.6
12863.2
12874.9
12886.5
12898.2
12909.9
12921.6
12933.4
12945.2
12957
12968.9
12980.8
12992.7
13004.7
13016.7
13028.7
13040.7
13052.8
13064.9
13077.1
13089.3
13101.5
13113.7
13126
13138.3
13150.7
13163.1
13175.5
13187.9
13200.4
13212.9
13225.5
13238.1
13250.7
13263.3
13276
13288.8
13301.5
13314.3
13327.2
13340
13353
13365.9
13378.9
13391.9
13405
13418.1
13431.2
13444.4
13457.6
13470.8
13484.1
13497.4
13510.8
13524.2
13537.7
13551.1
13564.7
13578.2
13591.8
13605.5
13619.2
13632.9
13646.7
13660.5
13674.4
13688.2
13702.2
13716.2
13730.2
13744.3
13758.4
13772.5
13786.8
13801
13815.3
13829.6
13844
13858.4
13872.9
13887.4
13902
13916.6
13931.3
13946
13960.8
13975.6
13990.4
14005.3
14020.3
14035.3
14050.3
14065.4
14080.6
14095.8
14111
14126.3
14141.7
14157.1
14172.6
14188.1
14203.7
14219.3
14235
14250.7
14266.5
14282.3
14298.2
14314.2
14330.2
14346.2
14362.3
14378.5
14394.8
14411.1
14427.4
14443.8
14460.3
14476.8
14493.4
14510.1
14526.8
14543.6
14560.4
14577.3
14594.3
14611.3
14628.4
14645.6
14662.8
14680.1
14697.4
14714.9
14732.3
14749.9
14767.5
14785.2
14803
14820.8
14838.7
14856.7
14874.7
14892.9
14911
